1 0 3,80301359053842
2 0,221109225983317 0,668900359733449
1 4,4926878970548 1,16903340777803
2 0,994009769053203 0,0690326127545129
2 4,62125033495075 5,78352511570953
2 0 3,80980096469158
2 3,26163903356606 0,9486783281661
2 0,479696332700409 3,98194930003115
2 0,230897991094225 1,37966181076116
2 0,370603869376054 0,82687412380561
2 3,44973049380338 0,64177612757393
2 2,43831136237751 6,70924863531685
1 0,721807663665064 0,178972232704504
2 0,978430176609396 1,96293257547679
2 3,94078373719975 1,75389234989597
2 3,55680518576727 1,22345841453572
2 1,71149408291629 5,88691809861312
1 0,293981157845809 1,34428889320432
1 1,75623867928807 1,90132221388692
1 0,371149358512438 2,17792217255473
1 6,86090413055425 3,33331081659222
2 0,0606255508310281 6,5336403243866
1 0,861745947441899 1,24492411559677
2 0 0,923447356523689
2 8,80554372715091 6,99590594414431
1 3,31936897864536 0,883195435573904
1 1,18878482523783 1,85247646358445
2 0 0,565880309122559
1 0 0,455797118347044
2 1,68436181809956 2,98160776448511
1 0 4,89413466625574
1 6,88439350523259 0,103821550544268
1 2,58954916502794 7,04030009500696
2 1,93502471872374 3,01424316550337
2 3,42596113049703 7,527461386997
2 1,1371097886642 0,745966730521045
2 2,08035672646032 1,72038303395751
2 3,14319236350394 1,7878349091801
2 0,0298059261542773 0,0105590252254899
2 1,06959796467312 2,85283993038015
1 0,514621140209316 2,01889404096589
2 4,71257108017456 2,21426418526762
2 4,6972577319002 0,119886759258754
2 3,70028250277987 3,99224106641125
1 2,8918232013899 0
1 2,39881667792742 0,791475427239889
1 3,35175041684497 3,60574206132709
2 2,01869722736007 1,54030982476674
1 4,77879202588405 0,740237597255147
1 1,84234503649284 0
2 0,215210966866096 0,135608163725402
2 0,677913745715243 1,78619340890376
2 0,0785795161866488 6,68978181094387
2 0,670672238185383 2,25525567645917
1 0,73369402286303 2,63101974391892
2 3,26199961046781 0,956622387728012
1 2,52671947447896 1,31023678989626
2 2,33103772873573 2,81159945522044
2 0,641120141204968 2,62070091330479
1 0,261169583658301 0,824317132041006
1 3,72146508503773 0,226044284750728
1 1,73495203058 4,12530872650692
1 1,5247737176366 7,31048244997416
1 4,12104617577095 1,76498755522305
1 7,8014596997767 4,15160030692425
2 1,69760243114904 1,3744217573546
2 2,16522854993363 1,12645599810707
1 2,9601716282592 4,27013611619833
2 3,12870980758626 4,73798732307646
2 1,20806624936316 4,09579708198821
1 0,570049853795231 5,74897542258211
1 0 0
1 2,97488060639001 3,19428709717201
1 2,27021425975031 4,52565967688601
2 0,921707137917032 3,30030501787565
1 3,95060564016486 1,71516704825459
1 2,93809277887367 0
2 0,593883673005683 0,484058786409003
1 5,4655673454821 2,60069838473606
1 0,955701796782995 0,43353749645573
2 1,48443295689506 1,54748902169405
1 1,88378602819694 0,441974139046843
2 0 0,675379141082698
1 1,51986652869725 4,95778168968753
1 1,69016220639002 3,17405279128535
2 1,87749949371326 3,89964368515631
1 2,98932553594435 1,4186990547081
1 1,80252440730227 5,85374832425907
2 0,856999636095483 0,72715657797044
1 1,93572981373208 2,86213358857768
2 2,08310805358137 0,025644034159204
1 5,80079630054571 1,16303255509726
2 6,74737539410003 1,8298699701344
1 1,20129629373611 0
2 4,75547803461341 2,06947140026347
2 2,84852623001138 1,41624714127567
1 6,23179575020065 3,82260427522594
1 0,66661661242443 7,42693930092591
1 0,622897493943059 0,289811119572172
2 1,39281941176989 1,06465388930619
