2 5,53930222128485 1,5390249721422
2 0,672939828910371 0
1 3,53671095126155 2,34038326998259
1 4,28342873709436 2,13486262929387
2 0,22464211295575 0,0354958246627337
1 0,799315492529103 1,44282744892073
2 1,5782975859839 0
1 2,21465506694031 0,747340241795099
1 1,94313191154186 1,78362819821743
2 2,26965687715898 0,710296789049309
2 8,54216589338247 7,89843204147109
2 2,85551834984474 7,47105480333374
2 2,1377731795133 0,899326157243609
2 2,46168900721785 3,7471207202166
2 0,497195190515926 0,994172614530741
1 3,0019939891072 0,903767858121436
2 3,04394540518706 0
2 1,95137319059641 0,514898860135534
2 0,744669400967969 1,37888761022076
2 5,7977748861526 2,53769649217729
2 3,06767942526735 5,50215186760861
2 3,15640001145955 5,98722458956168
1 0,934747718709869 0,49313477542863
1 3,54170771480617 1,7233021407031
2 0 3,4399819054827
2 0,643102325798526 0,0161007233039014
1 2,30602504420375 0
1 7,51148474612808 2,79981975620604
1 0 0,569114517685545
1 0,291876104796248 1,18537994808768
1 1,4793970535879 0,733566307804345
2 1,57100769857457 8,95526766448993
1 0,637028534261989 3,69442447866054
2 3,81336080134537 0,816736955575988
1 1,2330479627629 2,03835227062849
2 0,796514799723641 1,53202544363776
1 0,041186467763589 6,78192914965652
2 2,75270755065265 8,78174697178497
1 6,44297659464319 2,26709963393728
2 2,30692671905594 0,573118525824099
1 1,7364134796599 1,40961822793336
1 2,64250459179399 0,866992229999505
2 6,79519872311279 3,47978826029216
2 0,881237010881881 0,670623392178967
2 1,45450451665302 1,0059470045408
1 0 4,22106233994526
2 0,0140617545759593 0,560928414836958
2 2,51930863527549 2,76284434775023
1 1,9345077443563 1,04369470665403
1 4,65224568529625 3,64760731889289
2 0,666403048516439 2,3876252651157
1 4,64461988007865 1,17148559967591
1 1,10745097562086 2,56743674053225
1 0,778894365196533 2,96120074017029
1 0,19557291837203 1,23454879095524
1 0 0,243998467104509
1 1,92797802478447 0,99730533920103
2 1,12773288187 0,017826414675371
1 5,99119197856225 1,22501956542256
2 3,19121917858311 7,96491881458318
2 1,54831821916081 2,13468946988447
2 1,61083765216676 0,304351410970255
1 4,6729651706633 6,1838320447988
2 0,474047356040239 2,71245114212504
1 1,88446013437792 2,58466333969713
2 6,1680653384738 3,98564872703778
2 1,97514116669779 0,38563383248897
2 2,79579356629206 0,393292625617838
1 1,73141856385927 0,0107083395173346
1 0,895081776611079 0,384884175092394
2 3,74097440891945 0
1 7,99190803989391 4,78747182748628
1 0,0060654268628291 2,84378168864352
2 3,89624731703487 1,00856345566388
1 0,520553768854846 0,572889726410103
2 0,73159799758885 1,54185188260947
1 2,54159868440665 5,97614126651368
2 7,19866008274195 0,0440272093024232
2 1,35928487654742 0,234267514308108
2 3,20019572749743 0,698592658014313
2 2,13449194195424 1,89661018545582
1 1,61118415212779 0,477307308687506
2 4,67022663572348 0
1 0,586456776869696 4,42186900154775
2 1,8241479554326 2,56676483087557
2 0,0320062264949112 0
1 0 0
2 0,229662021263345 3,10303795389041
1 2,30990498248018 0,962764023320174
2 2,09329501636945 0,0619692341713091
2 0,0209776894287102 2,07717735510188
2 2,92017220981427 1,40386073682637
2 1,13265784184107 5,7613359618752
1 0,51243109605854 0,651986623952159
2 0,533548784225038 1,55181119151032
1 4,97445845509621 7,65162258579006
2 1,58115625827627 0
1 0 2,02947270731883
2 2,25578081200634 3,70821952247444
1 2,47533214021257 3,9428149051698
