2 4,02177454718471 4,902162435419
2 2,61148003051592 2,1342939125068
1 3,80804928755762 2,89916635719089
1 1,07182512482248 1,10820169612216
1 1,20682821199616 0,65841834557169
1 1,04819154229397 2,37694826367169
1 0 1,08022090796392
2 0,540585220111807 2,41567276996359
2 0,243585653716505 0
2 2,57949505959614 1,51917671389839
1 5,86047141154319 0,367992036215957
2 0,491899367650924 1,657768713151
1 0,958059952109149 0,158919964059684
1 0 2,5297715857298
1 2,91863308889728 0
1 0,513728747849226 0,840202530305927
2 3,60067890426176 1,11787063028564
1 1,85592813410607 1,31417620895159
1 0,395594184005444 2,37571675627293
2 1,96226403301687 8,72515086956562
2 3,87315412651429 0,973581419779724
1 1,26533186122092 0,0806085495653602
2 6,76454128500286 0,00011461228137585
2 2,26834095747599 5,14473803487827
2 1,37099626537924 2,69799929237831
1 4,311797257658 5,98847683704853
2 0,582963353760058 1,63831577386629
1 0 1,88082458911502
1 2,37446340610015 0,161922958754898
2 2,13946626388443 5,43420934697343
1 1,278568497523 0,325868505670628
1 2,71161564798635 1,94978134145484
2 2,61648312845104 1,1168964733914
1 0,656237605333439 1,74545369657942
2 1,35349638636852 4,57008001421116
2 0 3,9434685273764
1 0,423019835456749 5,98409241483737
1 3,48444482473864 0,797205958420972
2 0,772492510626322 0,111138775996463
2 7,32217676533487 5,85505569766045
2 2,93276188845409 1,92487488404143
2 1,15640933167022 2,48244872804845
1 0,670795024685001 3,10141441742955
2 1,77594355203954 1,41571207550155
1 4,70386472935968 0,104272855494298
1 0,507321747256127 5,63816952036608
1 0,14588876960142 2,49637780547905
2 0,877141861187826 6,12097513029397
2 3,81308860090239 3,54155876373013
2 2,18538498747413 1,9215053999431
2 1,40610861471207 1,06955904516837
2 4,83620735017406 5,79878210732657
1 1,22682838571576 2,88735209539875
1 0,417484886207378 0,907414765519749
1 1,29952682754934 3,76793255832416
2 0,913186805282341 2,359781957399
2 1,8182602705519 0,593068650268516
1 0 3,69985581967042
1 2,74013742233633 6,40423588147584
1 8,49174923612352 0,980066202105985
1 0,387835535401402 1,18622942184388
2 2,17297203194954 0,404377835059714
2 1,71396786659675 0,204282358849553
2 1,93040975086876 1,39714700700582
1 4,56656486567416 4,19456087155014
2 0,916837629357743 0,000911456533200786
1 0 1,65470382229178
1 0,0350346546783273 0
1 0,726133277977879 3,89801272139792
2 0,393619837888339 6,04920077884998
2 2,52583194455403 2,49757374799697
2 3,32436999740283 4,16114746227914
1 0,492952410361242 0,370663711973775
2 2,2175141359761 8,55701297221566
2 1,6038096508029 0,174165273632
1 0,536621100519142 0,391396343890296
2 0 0,557752456775751
1 5,77021005459605 2,98013439354493
2 1,14153221768398 3,12097150744916
2 4,91437706859521 0,261008272534706
2 3,38454537251245 1,42041082746368
1 1,95162083858234 7,19203975433113
1 3,6008641904224 7,89020337531818
1 0 0
1 4,71720199692864 1,66208646151334
2 2,93204676496426 0,368063660509914
2 4,98287402744539 0,455274548593571
2 3,79094209698538 0,990975002288341
1 0,507738306889189 3,397691359463
2 0,340041950503384 2,59562709489634
2 5,76247879758593 0,148897401592181
1 0,949205570830594 0,758713928870258
2 3,02581721871431 4,78132310546065
1 7,31142739221055 1,86239313700348
2 2,05136205118679 0,720355759710239
1 4,6638110283128 0
2 0,184997195929753 4,74401291401312
2 0 5,50015086284846
2 2,48153490223062 2,02406380419809
1 2,07677087843268 1,33974178663443
