2 1,97508335112365 5,26903008495878
2 0,17813604985277 2,87437574140466
1 0,263778204686836 3,93108951483438
2 0,433968046416514 0,267422177487715
1 1,24640335200653 3,19717949963975
2 1,6685018430783 3,81241523651984
2 0 4,184270926837
1 2,95664927594208 0,000180732924575327
1 2,11197991907223 6,20007608793679
1 0,379280436960645 0
2 3,80353113254697 0,448121890634355
2 0,49058135109515 8,58082766485439
1 1,70065527162545 1,37268273736009
1 3,89761455212609 5,54211945344793
1 1,88962733554171 6,84299289381271
2 0,702687784425303 4,08352754082695
1 1,0976990755171 3,55163452148048
1 2,37839411123581 4,43062925079401
1 0,534878921944126 0,644441643564236
2 0 4,66887170573178
1 1,77717175789977 0,60669085225402
1 1,29003848661205 0
2 6,15542327433611 1,16026025040087
1 0 1,90280720866416
2 0,905841189392768 0,51530814427664
2 0,149333028192321 0,178267884151204
2 2,86687530896947 2,20680042831544
2 0 1,85498681564582
2 3,86326672642644 0,415329270258234
1 0,515141776071462 2,6543127361938
2 1,16457059754272 0,506618385439095
1 0,791199348304048 1,7702402075614
2 0,300558274751789 3,74899056355888
1 0 0
1 3,07372215440204 0,199186292104044
2 2,36464505426802 0
2 4,51086633862502 3,02507432318529
2 0,267978932833289 6,93337916114059
2 3,91546852975873 0
2 2,27445837402458 0
1 0,512225815333531 2,18648487105336
2 7,95938948539989 0,957475511803048
2 0,230031700911946 3,91309274403057
1 2,43479926718157 5,17818394265053
1 0 0
1 1,02778746142415 2,41639414402488
1 4,10914205438883 0,727296044457376
1 0,32648729082499 1,44651241388475
2 3,12090531509412 1,36295364068959
1 5,87892412668044 2,97403228374852
1 8,67121407700293 0,562534356286067
1 2,20623898143239 2,48250497201574
2 0,292964631827997 2,10904671815645
2 0 0,669054236108928
1 0,553292031657552 0,118373996167618
1 4,25117144931628 3,39477781783546
1 4,83061035109247 0,22049475424946
1 0 1,83262269097968
2 0,240772535205247 0,936480111878589
1 0,106520402760487 4,42847546023711
1 6,85777515538865 0,598392579983171
2 6,7239413814265 0
2 1,0135062993567 3,95586142686934
2 4,4781905219323 0,683356519175394
2 2,59808491198257 3,00760187628102
1 0,0407633800249376 0,83998870376497
2 4,93481947432031 0,468504310338061
1 2,73557591565679 0,400452749524476
2 0,268291306806864 2,50652176444722
1 4,72854987752091 0,00619669631412099
2 0 5,21952371821717
1 0,778045284458457 0,764248369617503
1 5,23197781165688 0,381015144000303
1 0,96578420184822 0
1 1,70726148304868 5,60907581989145
1 3,55151599252201 1,18140780328839
1 7,18950912318635 0,2227730547184
2 1,3135740502335 0,547951602166496
2 2,28035539867373 0
2 0,366634961854031 0,49239655281063
2 2,85192133991603 3,71738216267777
1 3,25149809906795 0
2 1,0552412257787 7,15206662898514
1 4,26328628895026 6,5098331722011
1 0,0140472091799822 6,94931323777387
1 4,29053148501112 6,15412103950704
2 2,35685445850569 0,567484440546243
2 0,861627089260904 1,84956011914162
1 0 3,23204061632605
1 2,74719505233094 0,788353930594564
2 0 0,750010156421927
2 3,66175167665898 2,7515879402643
1 0,729214042764722 0,433345197901756
1 5,50827656942805 1,52967364225987
1 1,11372633656195 0
1 0 3,10478998492695
2 0,835117826161495 0,871968343794331
2 0,813344208902374 0,737761904829071
1 4,15801301792171 3,96165339646938
1 8,75944697286908 4,62286293954722
