2 2,13094420830297 1,00131128029959
2 0,928147759720752 2,27448111785319
2 0 0,381872081841283
2 1,6436790729145 3,36215853475135
1 3,82654714902236 5,61286623664799
1 3,06897593059995 1,48835284332202
2 1,06240511548817 3,85734471904922
2 0,300737053761602 0,849396239896024
2 0,0253753252445605 3,02910575411707
1 1,78838621628861 0,51579578291429
1 0 1,39009335701824
2 0 4,91467580241835
2 0 0,13886769727751
1 6,02380808723336 2,11514430824441
2 2,02456580522683 3,50771118863845
1 0,96779340783497 5,72663515094977
1 0,500211104983562 0,764094077872156
2 4,71652137102397 0
2 2,59540059538344 2,53322434124221
2 6,36469887260566 1,00667596189616
1 1,24501218611608 3,81663710801706
1 0,614118931169677 1,84732455008073
2 6,84339187659481 0
2 3,15352790204507 1,63943339448396
2 5,65683508182728 0,36603064433021
1 5,36925995041116 2,48339392313892
1 6,94984405438874 0,663889136474528
2 0 1,19576891381097
1 0,61687740293186 0,601697406546072
2 3,79953623088055 0
2 1,70967542226877 5,85233530209043
2 7,57755652795432 2,53787945655076
1 3,52455616720233 6,98573401849053
1 0 1,94463862569287
2 0 2,14294784802149
1 5,55081760024224 0,989004433615601
1 0 4,49851296585915
1 0,291365221278446 2,90605950304589
2 0 0,30173938642337
2 1,47872651064709 0
2 2,35090263669887 1,79828090863222
2 0,828425375664805 2,20279954476412
2 6,5820912041618 3,44656426620044
1 1,82400559392944 0
2 6,8903701472517 1,17623249775555
1 3,3056767654166 3,13778318983399
2 2,75808245072052 1,90758720408547
1 0,160173845551989 1,95739034281922
1 2,91508048536027 0
2 2,10966957179348 5,75031649589088
1 0,28556739645338 0,509940382330651
2 2,57612143297499 0,76369840687313
1 0,56261621814343 6,12923917459754
2 0 2,91022873060323
1 0,526802342164704 0
1 1,47386084658739 4,30508411689898
1 6,27433615097512 0
2 0 0
1 6,17643752562648 2,19838645597845
2 1,66964299402649 0,311497618589316
2 6,7604871051202 2,14641511773058
2 0 6,52038365906122
1 7,38560163201094 1,78886784323904
2 0,742304632785872 0,588059067068649
1 1,75161577842739 4,39618654986666
1 3,65770934971874 3,32008054262031
1 1,42325718115236 0,569682939243355
1 2,97024184510589 3,25110388605441
2 5,48811987670517 1,93391313773296
2 4,36501069197665 7,27346984263205
1 0 0,733733402906793
1 1,02330103657362 5,73859448532508
1 3,08879416766055 0
1 1,46077479210718 0,255036253135203
2 0 4,49739150772681
2 1,52977763560125 1,20133132962572
2 0 2,50699057127675
2 0,329519510888271 6,388911667461
2 3,85774390485964 3,58928454368808
1 0 4,78618266050992
1 1,05397556957508 1,27437379363662
1 1,43675047039834 0,937529770162669
1 0,804096371775538 1,18868809248725
2 1,39647306380629 3,67339085027268
2 0 0,604070756865698
1 3,98659782856079 0,90849520261795
2 0,676346488611934 4,86223199398361
1 0,460239873016365 0,750690698507563
2 4,79031090242337 2,42922317349781
2 1,37307820439948 1,88812469918659
1 1,44184565238741 0,372032365934938
1 0,348628549998919 0,354395922904087
2 0,17878062845151 1,95334483122143
1 1,12164465064259 3,85830767818648
1 5,03513636581373 0,421535588065877
1 0,714288454835437 3,82245116765725
1 1,3551486736886 4,90086750541854
2 8,06534048545423 3,73129098849897
2 4,3402033347358 0,867118347839973
1 2,39380736807073 1,4354068010279
