1 0 6,8078384677916
2 0,757302982153978 0,578853674502509
2 4,59182377373419 7,93305060916257
1 5,16542776169508 0,456686105791799
1 0,326898992213839 3,65007067408882
1 4,74418970744321 2,62762134272029
1 1,18984310198102 0,0731863789601188
1 2,61609661514689 0,686925426911062
1 2,37955256848575 0,665816102486949
2 3,32446864588394 2,49168174457349
1 5,5406798969678 1,40042819334214
2 8,31384512657013 2,83096071976747
1 4,68643587300854 1,05974429895158
1 3,44341270553107 4,99100255267276
2 1,62426615954575 4,38626291900234
1 7,80697076386165 1,79355890573634
2 0,709373784581839 0,305392316219114
1 5,51556054387035 0,506674137202405
1 0,838644968736286 1,33388545426255
2 2,8643461199777 2,80819851756478
1 6,42488822221052 0
2 0,651178869256367 2,20823971657466
1 6,06024014859472 1,32463850701444
1 2,46243086385654 5,34043178257553
2 1,35098254138184 1,3135626722656
2 0,363700470125163 0,285515202807968
2 0,0024859802809013 8,0614537173237
2 0,310077640838026 0,827403302689736
2 1,67324795838131 0,979448494957503
1 5,87797607475797 4,49421017453736
1 7,51265885285691 1,18923158440237
1 0,524934888130489 0,991684850767108
2 0,309536273735359 3,65409222974167
2 6,61483368818408 2,23191985964399
1 0,864162745356636 3,87356331752313
1 0,293358418761454 4,82919981369246
2 1,732761341954 1,83881317909752
2 1,58403888232263 1,44934859427127
1 1,421909146673 1,42137898570922
2 0,949087799968705 0
1 0,124319647496715 1,81433954546896
1 2,18939642058192 1,18615073393385
1 0,453453880014575 0
2 8,6741027658219 2,13461619342427
2 0,391218817509347 0,0191301005050214
1 0,168922774572355 6,90199520201515
1 0,460086773363914 1,61485733912087
2 4,21060425425442 4,69152765939549
1 2,49385895882447 0
1 0,503563404317742 6,78018745676623
2 0,0928013367079205 4,05804234093895
1 7,63461914269003 0,844539394995449
2 3,23682852240132 0,433005830474666
1 0,136917307105343 3,18421911223988
1 0 0,427011190181138
2 2,75195038074253 6,04831674976662
2 0 0
1 0,433555378780493 1,53740373325413
2 2,07289122607228 4,64696976758864
2 0,906511004504986 1,97347626694174
1 1,43327218081489 1,36654113669253
2 0 3,45746170657569
1 0,348639121441468 2,28583367368478
2 2,44082514682823 0,197903755213089
2 0,783462613254535 2,72564324304724
2 2,34359797571953 2,67638953154739
2 3,64518211765456 2,56241438936555
1 3,82163523874322 1,79129721493986
2 2,5517188979088 0,813984465698704
1 3,71537616649427 0,153626660422248
1 2,823708328802 2,60916662710214
2 0,0435988055745134 3,64843826864308
1 1,96563171779999 8,34740381098697
1 0 1,89576828568045
1 6,40277507174889 0
2 5,93798611496481 1,9356555398254
1 0,81490139235505 2,15301473352733
1 1,59604377420435 1,79598940573446
1 4,29970259745591 0,143114009938722
1 8,43019142440995 0,72526065480209
1 0 2,8164760213422
1 2,60760931419563 5,16824735289824
1 0,75965175533651 0,819619719320731
1 4,4173181426792 2,03251488228911
1 0,587603326694855 4,53106750665748
2 6,66327137810331 7,32535399977367
2 5,25087846268475 0,0985565754112585
1 2,95349471408571 0,920176450591617
2 6,05655206649404 2,10124419401458
2 0,811102178325459 8,08743070209745
2 0 1,36685693001694
2 7,67583427050888 2,07772459698735
1 4,97132855885258 1,15375968495093
1 0,502413399751491 3,81386545664345
2 3,02517848975266 0,0268571335016085
1 3,73866550705334 1,62637850252277
1 3,85474874817522 0
2 0,188091597607402 0
1 0,706903378342699 0
2 1,59210329483827 3,82055295809198
