2 0,166495509988859 0,392640377577692
2 2,35276028157806 0,189444399527015
2 1,14638982673473 0,161999838502146
1 2,96355390500443 2,54172702810807
2 2,35741474123551 4,86827411915561
1 2,95734370963524 0,428412238335429
1 4,38866543136009 1,19201254900173
1 3,41760328198672 6,94597215994539
2 5,99388256203098 0,914325696376304
2 0,654171832210464 0,6130462859818
1 3,77681541432478 4,0229040375086
1 4,66230913235913 1,75299448415311
1 3,81380778542431 1,13077560119833
2 1,4338475332753 0,364184548316609
1 1,17205045892487 7,10456015686717
2 5,21596499682216 1,49852755363031
1 1,71778926705839 0,772086141990538
1 0,187225923029345 1,68065187133879
1 0,393519549813829 0
2 2,33015985848855 1,22232884085846
1 2,15634580569172 0,370090486188461
2 1,98761262650956 7,71660273508942
2 0 3,3329318293058
2 2,75535667815961 0,483647380249411
2 2,68331242477676 2,97300853672112
2 0 2,74773473280842
1 0,627934549296244 0,681556389984468
2 2,95310984689421 0,531157708974163
2 1,716240802182 3,5993390277025
2 0,340951027973067 4,19975795885537
2 3,73154243628101 3,29295080494739
2 0,547879396261591 0,420494779674567
2 0,798613235726307 5,34007924857553
2 0 2,64954195946899
2 0 2,03930868629334
2 0,0389240952389893 0,0181207764046829
2 5,63901209721296 2,24233121063669
2 3,13300854346389 5,44936547449295
2 1,96021945307041 3,4251186938142
2 1,87591878598366 0
2 1,65184095206291 0
2 2,48241083858647 1,47629400178618
1 2,32297323007275 0,650383799174048
1 3,62438830902073 3,19166085365771
2 0,751294565736919 3,8188141290186
2 5,78461144062905 0,613237127481605
1 8,65294314997873 0,152668047301782
1 6,83965632637947 6,67762503338867
1 0,127970196831958 0,885124784375133
1 0,6604181335589 0,275412942411105
2 1,50770174595886 3,53377288744495
1 0,0893707061602598 4,77533526708155
2 1,84063020527392 0,978747857259003
1 2,68647947008092 0
1 0 3,06166128258298
1 5,14916838107126 0,888127764169186
1 3,84578802243145 5,89397394931595
1 0,541746378662878 0,686014087258845
1 2,20936525343422 0,648425586823572
1 0,948939437488531 0,0203698943463945
1 0,0579009983026893 0
2 0,178510464811004 5,03729715758809
2 2,3861499854299 0
1 0,659623514236707 0,0979298735493467
1 0,57020101769371 3,48158351307809
2 4,83219237291822 0,984678679604399
2 2,19298446559952 0,528054567299809
2 3,78587418132735 7,3874683600792
1 0,559434812776481 4,92073777826537
2 1,98318650898672 0,00270238705105259
2 0 0,758052415567475
2 0,614545063867488 0,456963389859052
1 3,48035232279466 4,82307855636956
1 2,60882922569701 6,02870846820469
1 2,619520454956 0
1 5,13068781659505 3,50843378692327
2 2,48141279093987 1,06539774270048
2 5,53208409553956 2,31844350803571
2 0 3,43069569553747
2 5,18865452110239 5,35545338148039
1 1,55644715649842 2,32140145000136
1 1,76807034656781 3,1292910585782
2 0,969686753102432 1,81297339397155
2 2,98544908081435 4,09912122511264
1 0,0558069963268037 2,91558987922761
1 0,000325117726030349 0,0257644760542384
1 0 3,71652508700105
1 0,0558404787703606 0
1 0,207942877992961 3,8689065854386
1 1,83126362498443 1,59556911866906
1 0,905437781897112 0,34988710300526
1 0,0862328932090816 0,797808243333273
1 0,619510260699089 1,18540734573519
2 2,94704010474823 5,65797240224572
1 2,74547635705465 2,54813366921066
2 1,04844529183975 5,58497895932988
2 4,23495170950654 7,86393700906259
1 3,8954738643465 0,108548610521736
2 0,587261692428618 5,44245621815438
2 2,40201379051526 3,49538872926281
