2 0,508604930019288 3,87442514108234
2 0 0
2 0 0
1 7,14524000982998 0,231694407403327
2 0 3,10618368168649
2 2,65676441213897 0,883799939362239
2 3,81651867591614 5,00211376836622
2 1,29936535903223 1,15528345348094
1 0 0,0607884479969686
2 2,85083911560981 3,57352111189324
2 2,24706360290156 4,04357371015641
1 6,10132812247673 0,00934363436388952
1 0,926900785847987 0,834694514905426
1 0,444952073714208 1,82041032231432
1 0,95170950281979 0,656237002767733
2 4,9485985068365 4,4458298270804
1 0 3,26469069172847
2 0,139137555909873 3,25312874291704
2 2,75073515006841 3,32288013553381
2 0,583563786737418 3,93320992958416
2 0,700755289616415 2,87040040216893
2 2,03702587729181 0,853918668280318
2 0,0268585085993905 2,99019683198547
1 1,25882058835533 0,55379390090415
2 0,233920229242146 0,453155528965013
2 5,04957376096843 1,07853763181648
1 0,212247292144339 0,493660934033646
1 4,86845254007189 2,83048649543453
1 3,20504412250828 4,98208540910021
2 1,44321376897544 1,81802634420713
1 2,71868542428999 0,457978870932934
1 1,22457322255921 4,19097340302122
2 3,16934331840339 2,92269010977945
2 2,19482787428183 1,46642507122197
1 2,28868296895581 2,62931698170924
2 2,71378939771736 0,625906202302271
1 0,725374060089408 0,434785008167282
1 7,95559112725574 3,40192539775834
2 6,16253196781619 0,229497204641577
2 1,93199125767313 0,0340276220971847
2 0,104446087546854 0,420508349510146
2 1,92816805649929 0,713807393663473
2 0,0124820666445801 1,30213033189165
2 0,00339577905991849 1,19647298250183
2 6,7575410589378 4,88279363600667
2 0,422076294395177 0,15254515416573
2 1,90484488285372 0,466883849104347
1 0,616990968872323 1,76979566075364
1 5,22471586858142 0,0136827351589141
2 3,72916144585663 0,779686098350066
2 1,12216962646794 2,3454674307003
2 2,11389524960606 2,81752446704429
1 0,664341432351778 0,963835366519091
2 6,51261688699602 2,73877877124528
1 3,21146708410767 0,762863486429147
2 0,930516208955327 1,69543326212812
2 7,55981674863017 4,6233960295205
2 0,455675441052614 4,71589014665964
2 5,08712180940766 0
1 0,776005306642505 0,671169806584329
2 5,86797154409251 8,0444696052207
2 3,59173747691872 3,05300847676257
2 8,6340861435207 1,87726856483019
1 1,50888377125789 6,7146604143617
2 2,72656675182589 2,017708137174
2 3,29906243658581 0,0191421629950135
2 5,29276797421871 2,19470245493329
1 2,81367409499999 0
2 3,61996397078967 3,32470180994119
2 2,50681772013512 0,723637717647309
2 2,5465059720662 2,8037187283876
1 0 0,0434728851744313
1 1,88422511605743 5,58997675291727
2 0,948216446185585 3,57149158584489
2 2,21511688512523 0,134649840246257
1 2,63866875071017 4,7972571872162
1 2,62998568435665 1,07210929788282
1 1,63434218225737 0,149650170071819
1 0 3,62316458887568
2 5,97300304657454 0,00266502611463192
1 0,536427885543754 0,306780070674969
1 3,19908845433923 1,45547010305127
2 3,84833428256602 1,62843920738829
2 1,2909892403013 3,13006830780304
2 1,35735352959361 2,97504082693487
2 4,46423488225054 3,75802674831731
1 4,61561264312622 2,70698762392019
1 5,82772483202988 1,56113148367085
1 0,751772180084033 3,7621577455486
1 0,876610026171715 0,588342335349108
1 0,962860161886951 0
2 6,43762390242779 3,47805504150598
2 6,11975360574189 0,714162045956665
1 1,71173634040716 5,58019851454543
2 1,35196203708274 1,26075904549135
2 1,23747852641972 2,89574150596547
2 1,12785120547183 0,28920867866334
1 0,724773084150987 0,601236549951712
1 0 6,95274675868114
1 0 0,716554355209951
